(1 3 7 4 16 8 24 22 18 21 9 17) (2 19 15 20 12 14 23 6 10 5 13 11) 
(1 3 7 21 9 17 24 22 18 4 16 8) (2 19 15 5 13 14 23 6 10 20 12 11) 
(1 3 9 20 10 17 24 22 16 5 15 8) (2 6 12 14 21 7 23 19 13 11 4 18) 
(1 22 7 4 9 8 24 3 18 21 16 17) (2 6 15 20 13 11 23 19 10 5 12 14) 
(1 22 7 21 16 17 24 3 18 4 9 8) (2 6 15 5 12 11 23 19 10 20 13 14) 
(1 22 9 5 10 8 24 3 16 20 15 17) (2 19 12 11 21 18 23 6 13 14 4 7) 
(1 6 15 18 16 11 24 19 10 7 9 14) (2 20 4 3 13 8 23 5 21 22 12 17) 
(1 6 16 8 5 4 24 19 9 17 20 21) (2 15 3 18 12 14 23 10 22 7 13 11) 
(1 6 16 8 5 4 24 19 9 17 20 21) (2 15 3 18 13 14 23 10 22 7 12 11) 
(1 6 18 17 14 20 24 19 7 8 11 5) (2 22 12 10 21 16 23 3 13 15 4 9) 
(1 5 8 16 6 4 24 20 17 9 19 21) (2 11 12 7 22 10 23 14 13 18 3 15) 
(1 5 8 16 6 4 24 20 17 9 19 21) (2 11 13 7 22 10 23 14 12 18 3 15) 
(1 5 11 8 7 19 24 20 14 17 18 6) (2 9 4 15 13 3 23 16 21 10 12 22) 
(1 5 17 16 6 21 24 20 8 9 19 4) (2 14 12 7 3 10 23 11 13 18 22 15) 
(1 5 17 16 6 21 24 20 8 9 19 4) (2 14 13 7 3 10 23 11 12 18 22 15) 
(1 5 19 11 7 9 24 20 6 14 18 16) (2 15 12 21 22 17 23 10 13 4 3 8) 
(1 5 19 18 21 11 24 20 6 7 4 14) (2 9 12 8 15 22 23 16 13 17 10 3) 
(1 4 3 7 20 14 24 21 22 18 5 11) (2 15 13 17 9 6 23 10 12 8 16 19) 
(1 4 19 9 8 20 24 21 6 16 17 5) (2 15 22 18 12 11 23 10 3 7 13 14) 
(1 4 19 9 8 20 24 21 6 16 17 5) (2 15 22 18 13 11 23 10 3 7 12 14) 
(1 4 19 16 17 5 24 21 6 9 8 20) (2 10 3 7 12 11 23 15 22 18 13 14) 
(1 4 19 16 17 5 24 21 6 9 8 20) (2 10 3 7 13 11 23 15 22 18 12 14) 
(1 4 20 8 9 6 24 21 5 17 16 19) (2 14 12 18 22 15 23 11 13 7 3 10) 
(1 4 20 8 9 6 24 21 5 17 16 19) (2 14 13 18 22 15 23 11 12 7 3 10) 
(1 7 9 5 15 11 24 18 16 20 10 14) (2 19 13 17 4 3 23 6 12 8 21 22) 
(1 8 4 22 20 16 24 17 21 3 5 9) (2 14 12 6 15 7 23 11 13 19 10 18) 
(1 8 9 4 18 3 24 17 16 21 7 22) (2 14 13 20 10 19 23 11 12 5 15 6) 
(1 8 15 5 16 22 24 17 10 20 9 3) (2 18 4 11 13 19 23 7 21 14 12 6) 
(1 8 16 4 18 22 24 17 9 21 7 3) (2 11 12 20 10 6 23 14 13 5 15 19) 
(1 21 3 18 20 11 24 4 22 7 5 14) (2 10 13 8 9 19 23 15 12 17 16 6) 
(1 21 19 9 17 20 24 4 6 16 8 5) (2 15 3 18 12 14 23 10 22 7 13 11) 
(1 21 19 9 17 20 24 4 6 16 8 5) (2 15 3 18 13 14 23 10 22 7 12 11) 
(1 21 19 16 8 5 24 4 6 9 17 20) (2 10 22 7 12 14 23 15 3 18 13 11) 
(1 21 19 16 8 5 24 4 6 9 17 20) (2 10 22 7 13 14 23 15 3 18 12 11) 
(1 21 20 17 9 19 24 4 5 8 16 6) (2 11 12 7 22 10 23 14 13 18 3 15) 
(1 21 20 17 9 19 24 4 5 8 16 6) (2 11 13 7 22 10 23 14 12 18 3 15) 
(1 9 5 3 21 17 24 16 20 22 4 8) (2 18 10 19 13 11 23 7 15 6 12 14) 
(1 9 18 11 6 5 24 16 7 14 19 20) (2 17 3 21 13 15 23 8 22 4 12 10) 
(1 10 7 19 9 11 24 15 18 6 16 14) (2 20 13 8 3 4 23 5 12 17 22 21) 
(1 10 18 19 16 11 24 15 7 6 9 14) (2 20 12 8 3 4 23 5 13 17 22 21) 
(1 20 8 9 6 21 24 5 17 16 19 4) (2 14 12 18 22 15 23 11 13 7 3 10) 
(1 20 8 9 6 21 24 5 17 16 19 4) (2 14 13 18 22 15 23 11 12 7 3 10) 
(1 20 11 17 7 6 24 5 14 8 18 19) (2 16 4 10 13 22 23 9 21 15 12 3) 
(1 20 17 9 6 4 24 5 8 16 19 21) (2 11 12 18 3 15 23 14 13 7 22 10) 
(1 20 17 9 6 4 24 5 8 16 19 21) (2 11 13 18 3 15 23 14 12 7 22 10) 
(1 20 19 7 21 14 24 5 6 18 4 11) (2 16 12 17 15 3 23 9 13 8 10 22) 
(1 20 19 14 7 16 24 5 6 11 18 9) (2 10 12 4 22 8 23 15 13 21 3 17) 
(1 11 4 18 6 5 24 14 21 7 19 20) (2 22 10 8 13 9 23 3 15 17 12 16) 
(1 11 5 18 22 21 24 14 20 7 3 4) (2 19 16 8 12 10 23 6 9 17 13 15) 
(1 11 9 18 10 6 24 14 16 7 15 19) (2 8 12 3 21 20 23 17 13 22 4 5) 
(1 11 9 19 7 10 24 14 16 6 18 15) (2 4 22 8 13 20 23 21 3 17 12 5) 
(1 11 10 5 16 7 24 14 15 20 9 18) (2 3 21 17 12 19 23 22 4 8 13 6) 
(1 11 16 19 18 10 24 14 9 6 7 15) (2 4 22 8 12 20 23 21 3 17 13 5) 
(1 14 4 7 6 20 24 11 21 18 19 5) (2 3 10 17 13 16 23 22 15 8 12 9) 
(1 14 5 7 22 4 24 11 20 18 3 21) (2 6 16 17 12 15 23 19 9 8 13 10) 
(1 14 9 6 7 15 24 11 16 19 18 10) (2 21 22 17 13 5 23 4 3 8 12 20) 
(1 14 9 7 10 19 24 11 16 18 15 6) (2 17 12 22 21 5 23 8 13 3 4 20) 
(1 14 10 20 16 18 24 11 15 5 9 7) (2 22 21 8 12 6 23 3 4 17 13 19) 
(1 14 16 6 18 15 24 11 9 19 7 10) (2 21 22 17 12 5 23 4 3 8 13 20) 
(1 15 7 6 9 14 24 10 18 19 16 11) (2 5 13 17 3 21 23 20 12 8 22 4) 
(1 15 18 6 16 14 24 10 7 19 9 11) (2 5 12 17 3 21 23 20 13 8 22 4) 
(1 16 5 22 21 8 24 9 20 3 4 17) (2 7 10 6 13 14 23 18 15 19 12 11) 
(1 16 18 14 6 20 24 9 7 11 19 5) (2 8 3 4 13 10 23 17 22 21 12 15) 
(1 19 15 7 16 14 24 6 10 18 9 11) (2 5 4 22 13 17 23 20 21 3 12 8) 
(1 19 16 17 5 21 24 6 9 8 20 4) (2 10 3 7 12 11 23 15 22 18 13 14) 
(1 19 16 17 5 21 24 6 9 8 20 4) (2 10 3 7 13 11 23 15 22 18 12 14) 
(1 19 18 8 14 5 24 6 7 17 11 20) (2 3 12 15 21 9 23 22 13 10 4 16) 
(1 17 4 3 20 9 24 8 21 22 5 16) (2 11 12 19 15 18 23 14 13 6 10 7) 
(1 17 9 21 18 22 24 8 16 4 7 3) (2 11 13 5 10 6 23 14 12 20 15 19) 
(1 17 15 20 16 3 24 8 10 5 9 22) (2 7 4 14 13 6 23 18 21 11 12 19) 
(1 17 16 21 18 3 24 8 9 4 7 22) (2 14 12 5 10 19 23 11 13 20 15 6) 
(1 18 9 20 15 14 24 7 16 5 10 11) (2 6 13 8 4 22 23 19 12 17 21 3) 
